snes_uh = zeros(21, 16);

snes_uh(:,1) = [0;
                0;
                0;
                0;
                0;
                0;
                0;
                0;
                0;
                0;
                0;
                0;
                0;
                0;
                0;
                0;
                0;
                0;
                0;
                0;
                -0.54402111088937;
                ];

snes_uh(:, 2) = [0.0469949278790754;
                 0.57501104145373;
                 1.08057529775141;
                 1.3479061750176;
                 1.19767401011823;
                 0.715239713568341;
                 0.167463772260764;
                 -0.353022301177344;
                 -0.875284309963495;
                 -1.2541969406547;
                 -1.24263291106098;
                 -0.819175896179746;
                 -0.270823780105879;
                 0.234746862947046;
                 0.749431277873764;
                 1.20386942379745;
                 1.31813268224586;
                 0.96681092762493;
                 0.419903037643202;
                 -0.0847367177318517;
                 -0.54402111088937;
                ];
snes_uh(:, 3) = [0.0541061659770842;
                0.519787916107911;
                0.667203637872477;
                0.522605270729807;
                0.634489250394494;
                0.605145931044892;
                0.174881893637772;
                -0.329293248021946;
                -0.642776059023635;
                -0.578617492658005;
                -0.600274773929069;
                -0.636242087777425;
                -0.259758367303823;
                0.234486827327542;
                0.613579533283295;
                0.624457556633925;
                0.566491458119046;
                0.6791350587406;
                0.403172030928524;
                -0.0838785415552714;
                -0.54402111088937;
                ];

snes_uh(:, 4) = [0.0538805737829832;
                0.540080233643445;
                0.995409757441155;
                1.31070302302445;
                1.1261301203571;
                0.648079672299458;
                0.171072093246783;
                -0.341887618437339;
                -0.78467346081751;
                -1.18713957425715;
                -1.16841166720161;
                -0.722906442478123;
                -0.256422792707551;
                0.243094032930177;
                0.682276535999598;
                1.13230268046109;
                1.26735517515148;
                0.864365471002565;
                0.40513830260456;
                -0.0838472472938837;
                -0.54402111088937;
                ];

snes_uh(:, 5) = [0.0518889675616113;
                0.528593832666829;
                0.756857042943831;
                0.580729504328923;
                0.730307940911039;
                0.633142291009178;
                0.174469862551772;
                -0.333828224350113;
                -0.706087908463855;
                -0.679257818580899;
                -0.710345325890312;
                -0.693337659411528;
                -0.264571121566581;
                0.232928199750307;
                0.644576587893569;
                0.720193724623756;
                0.64705689720191;
                0.760376366180479;
                0.404895569682657;
                -0.0838581098260153;
                -0.54402111088937;
                ];

snes_uh(:, 6) = [0.0562250037022023;
                0.540325040048484;
                0.950169254343623;
                1.29047486033565;
                1.08163598249336;
                0.63947095981235;
                0.171420766368887;
                -0.339749793333645;
                -0.754025282509835;
                -1.14561795935498;
                -1.1192400678202;
                -0.695514766524537;
                -0.252337966644967;
                0.246050434377716;
                0.673219141304414;
                1.09117667247003;
                1.24089215700445;
                0.820456221502331;
                0.404926679803501;
                -0.0838563702635241;
                -0.54402111088937;
                ];

snes_uh(:, 7) = [0.0521620170792536;
                0.530163999483503;
                0.800404870744794;
                0.612095053574435;
                0.786037933977705;
                0.639078384014337;
                0.175895962464669;
                -0.333538510766049;
                -0.72323706388071;
                -0.735083535155054;
                -0.773219539516;
                -0.705538767857005;
                -0.263374857946541;
                0.234583555230956;
                0.650339640922593;
                0.77327255342044;
                0.68837177404409;
                0.789722220378263;
                0.404922643766326;
                -0.0838566125993913;
                -0.54402111088937;
                ];
snes_uh(:, 8) = [0.0575650663128355;
                0.540939745582647;
                0.923855459079534;
                1.27754771307584;
                1.04978461681799;
                0.639300289245212;
                0.172867184261628;
                -0.337835007458435;
                -0.743397498253601;
                -1.1159678616003;
                -1.08275706331692;
                -0.68962305064339;
                -0.251008296977605;
                0.247255433591726;
                0.672157759005923;
                1.06172463700512;
                1.22399730632135;
                0.802775788543807;
                0.404923169845516;
                -0.0838565802239974;
                -0.54402111088937;
                ];
snes_uh(:, 9) = [0.0521580705966353;
                0.530675458342298;
                0.823933804555222;
                0.631280074961266;
                0.822965153217775;
                0.640551656311814;
                0.176365572148916;
                -0.333507574613636;
                -0.728842297761554;
                -0.773023718720676;
                -0.816215244911722;
                -0.707661804395546;
                -0.262071399315221;
                0.235970109787795;
                0.652238020703495;
                0.809179085939708;
                0.714081448775661;
                0.800847145194889;
                0.404923101158855;
                -0.0838565844881626;
                -0.54402111088937;
                ];
snes_uh(:, 10) = [0.0580883213001309;
                0.541064295982909;
                0.908211972449451;
                1.26877602884952;
                1.0259515989775;
                0.640140012909645;
                0.173998932754713;
                -0.336540903585429;
                -0.739183668024922;
                -1.09317544821519;
                -1.05433245840407;
                -0.689182665386558;
                -0.250785555441023;
                0.247477196680371;
                0.671658524815745;
                1.03839787351406;
                1.21191394529446;
                0.796251199705799;
                0.404923110132251;
                -0.0838565839293361;
                -0.54402111088937;
                ];
