snes_uh = zeros(21, 20);

snes_uh(:,1) = [0;
                0;
                0;
                0;
                0;
                0;
                0;
                0;
                0;
                0;
                0;
                0;
                0;
                0;
                0;
                0;
                0;
                0;
                0;
                0;
                -0.54402111088937;
                ];

snes_uh(:, 2) = [0.0469949278790754;
                 0.57501104145373;
                 1.08057529775141;
                 1.3479061750176;
                 1.19767401011823;
                 0.715239713568341;
                 0.167463772260764;
                 -0.353022301177344;
                 -0.875284309963495;
                 -1.2541969406547;
                 -1.24263291106098;
                 -0.819175896179746;
                 -0.270823780105879;
                 0.234746862947046;
                 0.749431277873764;
                 1.20386942379745;
                 1.31813268224586;
                 0.96681092762493;
                 0.419903037643202;
                 -0.0847367177318517;
                 -0.54402111088937;
                ];
snes_uh(:, 3) = [0.0563692519706301;
                0.59439918558514;
                0.909546633867779;
                0.927057011622213;
                0.937738144242128;
                0.711611197919666;
                0.18885864586435;
                -0.371743605614593;
                -0.805320638297031;
                -0.92448747558151;
                -0.934051316124842;
                -0.776929865832063;
                -0.289969577781414;
                0.257595255294098;
                0.731895353663496;
                0.933667186856945;
                0.943723751266362;
                0.868855176947681;
                0.44987310276374;
                -0.0924721417198069;
                -0.54402111088937;
                ];

snes_uh(:, 4) = [0.0570140869732605;
                0.509272127321972;
                0.774585057829312;
                0.919437488557945;
                0.832706183514683;
                0.592091088365751;
                0.171047914572408;
                -0.322398213712049;
                -0.658633457923558;
                -0.848230045368472;
                -0.839914903043684;
                -0.626753930114223;
                -0.243548021914867;
                0.239045164436875;
                0.611252417255368;
                0.83522242633528;
                0.898255175805313;
                0.714258677074115;
                0.390810382344431;
                -0.0815713846291429;
                -0.54402111088937;
                ];

snes_uh(:, 5) = [0.0535382664084183;
                0.516279374224837;
                0.862111237129242;
                1.01931205832913;
                0.935813025854209;
                0.617147316075725;
                0.168599348254581;
                -0.326476731480904;
                -0.717989682623251;
                -0.963091261948607;
                -0.958016194264162;
                -0.679661408243389;
                -0.248381346245566;
                0.234865118164963;
                0.63900306669614;
                0.937608764464373;
                1.0051054655885;
                0.787092779589991;
                0.39108334343681;
                -0.0812539195200211;
                -0.54402111088937;
                ];

snes_uh(:, 6) = [0.0539262274036436;
                0.540034318378022;
                0.884132798072367;
                1.02919868012854;
                0.949229448691262;
                0.647293982511527;
                0.173250548783563;
                -0.339647007709947;
                -0.748781177621457;
                -0.969899738257096;
                -0.965611537634853;
                -0.712116494947153;
                -0.25995834729565;
                0.240815513515387;
                0.670212083310564;
                0.951491891041606;
                1.01458968512533;
                0.816345363345116;
                0.407344449593176;
                -0.0842382832480565;
                -0.54402111088937;
                ];

snes_uh(:, 7) = [0.054427379894398;
                0.538616894179855;
                0.870629581662897;
                1.00357629652982;
                0.934457326960432;
                0.642584573873647;
                0.173644649383997;
                -0.339180359073725;
                -0.738251238043159;
                -0.954018924406831;
                -0.950423453327583;
                -0.702798329028644;
                -0.259064757851785;
                0.241771773516405;
                0.664445067769426;
                0.935950524588132;
                0.993595612484602;
                0.804738984925043;
                0.40746106755959;
                -0.0843403185132485;
                -0.54402111088937;
                ];
snes_uh(:, 8) = [0.0543768011496795;
                0.535141466396475;
                0.868608228507486;
                1.00844100227147;
                0.932575520799562;
                0.638679923308806;
                0.172986129580912;
                -0.33710817513506;
                -0.735127101511355;
                -0.952075846796512;
                -0.9481564186386;
                -0.699432350657903;
                -0.257488554882823;
                0.240658838225915;
                0.660428890285817;
                0.934174486671331;
                0.994736459680261;
                0.801851375209516;
                0.404901056199202;
                -0.0838649116759441;
                -0.54402111088937;
                ];
snes_uh(:, 9) = [0.0542333554625241;
                0.53486259264701;
                0.870013065671536;
                1.01032639333021;
                0.935291929666157;
                0.638749133757536;
                0.172724431240321;
                -0.336966677167411;
                -0.73605319528117;
                -0.956350977969968;
                -0.952013281783046;
                -0.699979438891413;
                -0.257321492631341;
                0.240418262676972;
                0.660876835565034;
                0.937288176241598;
                0.998276063304722;
                0.802730183300217;
                0.404529604748557;
                -0.0837795625554607;
                -0.54402111088937;
                ];
snes_uh(:, 10) = [0.0542659433754601;
                0.535335086610127;
                0.870408682992267;
                1.01056205304969;
                0.935147971829806;
                0.639251270911212;
                0.172861970848023;
                -0.33722242991323;
                -0.73637192634757;
                -0.955323974241003;
                -0.951356264339057;
                -0.700449732410632;
                -0.257565528624456;
                0.240557706848114;
                0.661219689311049;
                0.936828985275481;
                0.997477000457184;
                0.803217179285434;
                0.404892835362401;
                -0.0838498068909249;
                -0.54402111088937;
                ];
