snes_uh = zeros(21, 17);

snes_uh(:,1) = [0;
                0;
                0;
                0;
                0;
                0;
                0;
                0;
                0;
                0;
                0;
                0;
                0;
                0;
                0;
                0;
                0;
                0;
                0;
                0;
                -0.54402111088937;
                ];

snes_uh(:, 2) = [0.0469949278790754;
                0.57501104145373;
                1.08057529775141;
                1.3479061750176;
                1.19767401011823;
                0.715239713568341;
                0.167463772260764;
                -0.353022301177344;
                -0.875284309963495;
                -1.2541969406547;
                -1.24263291106098;
                -0.819175896179746;
                -0.270823780105879;
                0.234746862947046;
                0.749431277873764;
                1.20386942379745;
                1.31813268224586;
                0.96681092762493;
                0.419903037643202;
                -0.0847367177318517;
                -0.54402111088937;
                ];
snes_uh(:, 3) = [0.0505518947592817;
                0.547389012044877;
                0.873811119258082;
                0.935099299154743;
                0.915974886819972;
                0.660171955639917;
                0.171174238945708;
                -0.341153277104583;
                -0.758986115954306;
                -0.916279170450222;
                -0.921332092902611;
                -0.727674319550038;
                -0.265288976417651;
                0.234616795851344;
                0.68147965686675;
                0.914053671168355;
                0.942169607578825;
                0.822918468428179;
                0.411534363168179;
                -0.0843074669888154;
                -0.54402111088937;
                ];

snes_uh(:, 4) = [0.0533027762302965;
                0.540573584226781;
                0.871712012924333;
                1.01338128750709;
                0.935180280743647;
                0.645311557563841;
                0.172065453244921;
                -0.338653163995693;
                -0.740561269927874;
                -0.954558208413749;
                -0.949697074968322;
                -0.704735517881949;
                -0.259228929477827;
                0.239236330162205;
                0.66791884207797;
                0.937231890994501;
                0.998913371017027;
                0.805551631882861;
                0.407727738661227;
                -0.0840772393200715;
                -0.54402111088937;
                ];

snes_uh(:, 5) = [0.0544283181543753;
                0.534312779322646;
                0.86947653081645;
                1.0071324343744;
                0.93509110526362;
                0.637093030807785;
                0.172955935212864;
                -0.336963865775125;
                -0.733912392826931;
                -0.955718432713378;
                -0.952237921825942;
                -0.697932869897188;
                -0.257054962395862;
                0.240807408223996;
                0.658572050438972;
                0.936532702703451;
                0.995934066310553;
                0.801651339747582;
                0.404612451552421;
                -0.0838572913063917;
                -0.54402111088937;
                ];

snes_uh(:, 6) = [0.054346996615867;
                0.535052300792898;
                0.870178220704911;
                1.01069127347397;
                0.934862511817953;
                0.638813077861272;
                0.172960036319077;
                -0.337121227766711;
                -0.735995827489927;
                -0.95509053211332;
                -0.951028428897789;
                -0.700082094874894;
                -0.257459347063654;
                0.240631318813468;
                0.660672897102304;
                0.936572348705413;
                0.997499138818163;
                0.802993527440075;
                0.404810535054569;
                -0.0838560458548099;
                -0.54402111088937;
                ];

snes_uh(:, 7) = [0.0542970652360592;
                0.535255374559538;
                0.870178302598062;
                1.01004221234743;
                0.93488542846742;
                0.639150999374891;
                0.17291079725358;
                -0.33720024139695;
                -0.736285665434371;
                -0.955193221470065;
                -0.951135443803384;
                -0.700368393011046;
                -0.257544103803666;
                0.240597828881554;
                0.661117656071682;
                0.936658794644436;
                0.997312855938372;
                0.803095721173852;
                0.404882357563767;
                -0.0838560712929801;
                -0.54402111088937;
                ];
snes_uh(:, 8) = [0.0542838747823033;
                0.535330047926215;
                0.870194903461471;
                1.01018713966558;
                0.934898043646782;
                0.639233072621481;
                0.172891375677284;
                -0.337225530325462;
                -0.736318697511488;
                -0.955181221286957;
                -0.951119944827266;
                -0.700404370170677;
                -0.257566273124044;
                0.240588330606265;
                0.661211764934076;
                0.936658980147914;
                0.997345602789934;
                0.80310306873817;
                0.404909647457849;
                -0.083856281734764;
                -0.54402111088937;
                ];
snes_uh(:, 9) = [0.0542795062536962;
                0.535350847348832;
                0.870197311187508;
                1.01015514146011;
                0.934900243497161;
                0.639249151440256;
                0.172884639484692;
                -0.337233263725553;
                -0.736320535152757;
                -0.955182650433835;
                -0.951120948630411;
                -0.700406301157623;
                -0.257572080676489;
                0.240585298468936;
                0.661226362456666;
                0.936661320285324;
                0.997339291827875;
                0.803103807639584;
                0.404918636171121;
                -0.0838564349406604;
                -0.54402111088937;
                ];
snes_uh(:, 10) = [0.0542783631239439;
                0.535357268460276;
                0.870198562654504;
                1.01016465842815;
                0.934901217212616;
                0.639252907699784;
                0.172882551715835;
                -0.337235486971105;
                -0.736320200530694;
                -0.955181951019451;
                -0.951120320538516;
                -0.700406027694929;
                -0.257573825213152;
                0.240584283949088;
                0.661228773032811;
                0.936661237093392;
                0.997340713517199;
                0.803103947644628;
                0.404921697519614;
                -0.0838565186643921;
                -0.54402111088937;
                ];
